7414
9091
3844
163
3863
8099
7406
613
7411
7154
956
8318
7103
3165
7419
8668
6714
9847
2722
1868
98
6628
8723
7449
2412
3164
2699
331
4785
8942
4732
5016
3311
8487
6594
7343
7315
49
4802
8849
8108
7534
4494
4227
2079
8587
3233
3230
5568
6106
1549
7640
6349
7269
4999
4796
2374
9938
6271
799
9354
1767
6073
7339
8184
3104
9806
992
2680
3632
2396
3052
2545
1576
3267
1981
2540
2978
4099
5619
7575
723
2139
7848
4426
9267
52
3089
3723
2280
7494
3435
7491
443
769
9141
3525
8581
2734
7761
3912
4166
8788
67
6764
2012
4043
9049
1877
5607
2163
8993
8136
3584
5711
8093
5632
2763
5042
5181
7768
1271
7098
2623
2416
3570
2639
1546
9047
4980
1427
8896
5905
1732
2745
9516
8863
1766
8951
1448
2398
9564
8412
7984
7145
2208
4293
1463
8142
8201
4931
6225
623
1391
1936
6951
5523
5709
1630
5459
9987
3748
9195
8114
8469
8872
1376
3028
2286
1382
3375
7257
7855
3390
1573
7302
2201
1028
300
3807
868
2558
3711
6187
6784
46
6696
3914
1593
4737
9024
8296
4871
4100
730
1255
2415
741
3063
6216
9227
7246
1847
8105
4972
7187
8759
2218
9101
9784
7922
8904
5471
2699
2005
2974
2943
606
1810
4781
2920
4255
135
9111
6744
1578
4439
2888
4318
7268
9940
6933
6571
9168
7121
1101
3142
7001
2322
1592
2858
6298
8221
1912
3918
4008
7043
8398
9307
132
8151
5274
7572
9009
3257
5838
2492
3750
2040
304
4738
4684
5171
7561
7252
1701
2888
9506
487
2982
7874
2350
5919
9941
2170
2721
1745
6598
1593
5727
9304
7864
1842
1365
6618
9225
9642
9031
7034
7049
5476
7592
6565
7835
9639
4271
9318
5000
7824
4828
72
2160
6838
7048
4374
5981
9062
1199
1417
9492
605
1605
7385
8835
1823
9716
7154
7069
4862
1262
999
1911
988
4072
2817
9901
6223
6468
948
7942
8099
5126
7806
6714
4235
9577
9501
5358
7301
2789
5417
3680
5686
9718
6832
4376
8454
2427
8223
852
8038
6728
4378
9150
7098
8191
1616
5557
5480
4116
249
470
7617
5892
6196
4394
933
3104
8726
9298
6061
8393
4626
7620
3939
4297
4036
7501
76
5483
4303
421
497
7244
627
8570
2328
7806
8444
5179
4954
5914
2809
8081
838
9901
3891
9950
735
2148
4032
8122
8352
8800
9864
5222
2410
6984
8660
4811
7410
2490
7364
984
8736
4992
9521
9047
3070
5165
8377
7494
7031
750
6740
7135
3061
383
9775
7179
8154
9276
3291
8477
9346
433
8422
9003
3679
7248
4576
2451
7378
4918
9546
1078
1298
2354
4635
1204
115
4603
8503
3840
5048
3675
3986
6599
4268
640
6984
9129
1525
6884
4798
2994
3419
8407
1388
1239
3895
5211
9107
750
7125
8802
5175
4987
3635
548
5559
4709
4275
2059
8277
914
5863
3499
4916
2758
5890
7669
9594
2562
9872
2670
6769
5178
206
5586
6372
6063
4003
3683
1520
117
1801
231
8755
8759
5872
6769
7979
8597
8078
7022
5258
5467
7959
7335
6014
7590
6420
3498
8163
5251
4035
7352
887
8526
2950
384
6295
7336
7234
917
4358
2166
2173
1512
4571
5683
3314
5735
9632
6786
3987
79
9724
2424
9961
5313
3431
3829
2149
9798
4990
6653
4935
243
6747
138
2868
1865
1466
2009
2032
6139
9875
6465
4391
8375
6308
2865
7640
9665
1109
7369
6439
4636
2840
3670
1624
2563
1569
8738
7335
9332
6034
8796
1474
4786
4438
549
9455
4240
2226
551
6393
3877
1191
9793
1905
857
7305
9641
1794
245
8172
5547
5695
2650
1541
3211
8864
1033
5805
4629
6618
4980
942
9955
6493
8782
5339
3552
7610
4152
6867
7633
6154
9384
8448
6600
1703
1925
2744
9077
9745
8548
8440
7219
1153
3641
5286
2952
169
7305
2602
7171
2678
7408
7142
5414
5902
610
2081
5890
4752
9790
7996
425
912
8080
7114
351
5734
4533
1378
7719
1499
8854
716
2906
9042
4552
2876
7534
4321
43
8841
7755
7954
7882
9578
5407
74
7060
1754
7151
7563
2155
857
2128
1603
3624
4596
9403
7335
8640
7194
8758
4520
9926
6653
3511
4922
3576
3539
6103
7892
6174
6899
2785
8939
2516
2073
4346
4369
9579
9877
3640
9067
6338
5192
6398
4186
7031
2552
1251
2881
9356
9182
4446
9813
4964
5155
3624
1727
3112
4373
3351
6370
5187
1509
2569
2406
4194
6343
4219
9321
6118
1921
733
4005
5979
4022
74
7473
695
690
5990
3103
3198
7958
8369
7848
6505
1946
7917
8205
1325
4409
833
8872
1348
5854
6868
3829
7424
7853
6520
8184
4864
9981
9542
8544
4114
7533
5458
5160
5345
397
1094
1384
8856
748
9418
9749
7175
6968
2272
7014
6235
9251
286
733
5410
2901
1222
6842
4247
55
8513
3412
2348
1327
1926
6169
4484
6947
7165
1054
3786
5847
1689
5504
3208
5104
3195
8621
5933
9121
3032
6226
451
6441
5116
124
5994
1851
2541
1320
8561
7433
202
5476
9257
3714
5688
7078
7965
1006
1161
7719
204
3072
4970
452
9069
133
7005
5512
37
6166
7714
775
8077
2226
6100
2269
6771
2817
8758
8870
2393
1101
5169
6695
7937
4575
1943
6265
7379
3576
4937
381
1980
6290
5774
6335
3162
2055
4480
9881
6049
5304
7852
7210
6760
5668
9635
6224
5626
5005
3133
4937
359
6906
6121
2945
8851
5943
7788
4355
7260
8736
1659
9730
4623
9339
8818
3414
7492
9388
9772
1485
2981
8943
8951
3858
1865
377
6390
6370
6754
5963
5828
2095
1665
935
3932
4231
1127
5059
386
423
9237
5382
3319
7122
702
3328
5075
6926
8524
8008
6446
7533
6648
4881
8393
7754
9042
5339
3094
6272
6863
1052
9526
6682
810
1138
9570
9603
8856
5986
1041
2320
8966
9017
7420
4474
2309
5517
3727
6373
9126
2128
3996
4834
1564
865
3751
1324
3575
7585
1524
5663
7083
4285
7921
707
2103
3744
2431
5688
2159
3984
7665
4601
6965
9570
3642
3174
2818
1082
1042
2148
5860
76
8929
5382
5966
2692
4366
9385
6355
2669
5455
7084
1634
4540
1090
4330
7285
1116
2927
9238
5099
2146
1568
5392
6653
8966
985
640
6637
5994
3084
3799
646
47
3092
1205
2585
8615
2340
4005
9390
9954
9654
8098
12
3685
105
4821
1747
9838
4764
847
4515
8731
7175
924
8391
2651
8229
9352
3003
7308
2620
6641
447
4216
7721
340
7903
2076
8687
7817
9363
4718
3178
3442
3015
8776
2804
5825
5019
2907
6128
3004
9426
9695
1019
9152
8405
1355
1148
2544
8710
9587
3515
5710
2596
5980
5213
8517
6209
4450
8541
8926
2051
2616
716
7905
3265
9390
5823
3985
7902
7815
6073
5705
2427
4467
6764
5662
7766
7794
4453
6196
1774
7132
9039
1625
4603
2451
3635
318
1915
1479
3924
4591
7788
8660
8883
2714
2456
9607
901
9990
6895
968
6884
2944
4373
5133
9463
2385
8184
8302
88
1703
2167
829
461
9576
2905
5221
4591
6522
3000
120
4647
2841
8200
9278
2313
5211
2564
588
3386
8135
168
7970
2370
5426
5326
7606
568
1574
8912
1270
5556
463
7871
9539
8497
6694
5114
1625
6431
7174
1203
8188
8688
6254
7788
81
2685
9504
3681
7615
7000
2758
4305
9560
7532
3682
3785
6186
1912
7138
319
8575
9118
8523
8450
3127
2189
9109
1791
5420
4596
7534
3654
4111
8883
7183
1868
6295
3520
2642
7865
2408
4717
2328
1178
7359
477
9923
6907
6770
2938
1044
3806
5670
5818
8817
1675
7833
9261
6023
9685
7454
4448
4407
7933
1124
5783
4016
9964
2338
9974
7191
9191
2138
5873
7195
7735
7128
2509
3847
7748
5036
8920
602
1443
1169
6163
7734
2193
6798
455
7494
8080
8395
7403
708
5444
5069
2445
4833
4489
7575
7916
2447
8980
2351
5575
6264
6528
1070
2930
6271
6811
4162
1444
8362
9690
8307
4064
9450
6367
2118
7090
6266
5509
4
3011
9171
8738
9550
8175
9850
2999
5814
9546
9491
4504
8466
2106
1876
3443
3319
7960
3900
5568
5882
5104
1461
6739
6368
6620
7507
4025
60
5680
1348
5747
8222
9437
2878
2372
8492
428
1349
195
3601
6577
8823
3299
8955
1721
9140
4651
3777
5958
7873
4683
692
905
7547
8496
9171
2386
144
4895
8442
4524
4398
9227
9579
7656
9843
7435
8363
4596
6633
3896
3334
3781
887
4078
6782
8103
8499
8004
1723
5978
473
4247
1670
2846
7339
7772
9956
825
1960
1726
2176
3960
4002
2533
5372
5
2704
9934
8055
7317
2796
6233
2961
5633
6030
4714
4825
1142
6425
4337
4812
5793
447
9341
8058
301
3579
8233
1437
5786
3691
8937
1217
8831
4896
5560
3682
4735
4060
8717
2139
2598
7203
1109
6531
2750
5015
9049
8639
4890
9660
5992
6559
1915
2762
9112
4981
120
2796
5139
6594
656
1259
7762
3129
9615
621
15
993
8896
7845
4942
8296
2080
7137
6887
3372
9426
368
9543
9824
3787
1619
952
1612
817
6998
6175
8947
4519
1441
7181
7069
7614
9558
9734
8817
3637
9931
2658
6551
8472
4461
6131
8920
6982
9210
7560
6812
2394
3202
6308
2726
4745
6903
9145
6465
4668
8616
2690
6521
5456
3321
8490
2160
239
1195
646
3523
2125
3929
1723
6261
5947
6445
7812
4158
3989
4877
9210
664
5505
8868
7410
4062
826
4880
6546
310
2004
2170
26
7896
7299
5185
7024
9834
7584
9608
2133
2477
8692
7963
6407
5357
1061
6348
4576
3773
8936
7667
1015
5127
6946
1603
2829
2763
7300
723
6956
3660
8163
3833
5839
1069
3748
4466
4821
8690
925
6876
2912
4330
807
7162
5518
2352
1407
8674
8748
9766
7362
6809
8714
8195
4749
7449
9653
9995
161
3347
2319
5684
4669
6689
3454
2364
7168
826
857
1294
3751
6355
9492
6187
2083
1210
289
3721
6577
2423
3631
2334
7478
412
4958
5507
5421
5629
3786
3554
9631
9754
5698
3628
7350
7108
4107
7797
4998
6159
4777
2761
4030
6239
6183
3989
1138
8591
4778
8325
5837
8423
1593
2558
9394
7686
2225
1060
7798
8329
8122
6045
3564
2790
2271
452
6329
87
3214
5731
8951
5482
8640
4166
9305
6893
5830
1219
1153
1379
5322
1531
7663
1731
4502
889
7614
2134
6125
2182
318
5894
259
11
1271
7408
6048
4805
7179
4415
9270
4431
5244
2092
7684
8674
735
2228
1192
621
8667
6294
3830
4530
6553
5187
5067
4856
5415
848
4298
9514
7313
2883
3268
5464
8182
596
7475
1807
38
6549
8099
8786
9112
2369
6221
1190
4286
9685
2118
1888
3013
7716
4573
3402
4296
2317
6737
1347
9485
1113
7887
3025
3859
4949
1145
3762
6140
8161
7909
814
7695
8076
8625
5959
3518
7576
513
702
7581
6295
2503
1775
3107
1305
8227
548
3793
1331
3712
4871
9687
3529
5657
9741
7404
3206
1582
9101
8033
7809
5755
1262
321
1827
2448
3481
9742
1665
1968
9868
2354
4098
4781
6867
2613
2606
5223
4523
9000
5308
1362
2350
2761
2796
887
8569
9521
6267
7877
4472
8906
5673
272
716
202
5371
2642
9753
380
4142
5495
5550
7969
1076
2596
4131
8337
259
1715
2495
6050
5302
8971
9853
37
2030
2672
2924
4857
569
4802
2422
446
7511
5511
6913
6453
5070
8106
3927
9228
5626
8554
7709
2560
6241
2641
9970
4546
6312
1384
9469
834
6718
9359
2298
4197
9284
1866
4599
1471
9528
8509
5833
9892
6927
8368
4650
72
9657
5524
7550
4805
7047
4660
7339
4352
9819
8085
9403
8571
7662
8630
1899
5551
2175
8326
618
8263
778
958
8661
6175
1207
3782
7496
5166
3750
9551
711
3836
3406
361
3618
8146
2292
2270
3894
6399
4492
2615
3482
6013
5763
7419
8468
1169
8489
1551
9284
4736
1551
2629
5375
9512
1581
3946
8797
5524
2819
6474
844
5009
7581
9865
4674
9641
9497
909
692
3767
2378
7749
3960
2221
4350
7423
3287
1934
8649
6110
4223
4474
5824
2646
8558
5331
8726
1852
4720
3840
6675
6426
536
8220
5101
8516
5974
337
4342
5500
7228
1043
7888
6824
6988
8790
8662
8320
7505
5783
4746
2837
4001
9978
4094
9749
2848
1053
2917
9353
9787
4313
8232
941
7587
5969
4783
1409
1497
109
7848
1933
4958
1883
2097
8945
6670
1154
6336
4916
2125
3291
3522
444
6419
3496
2632
165
4091
2032
6265
9247
497
4087
9110
3761
590
2405
2545
354
733
6939
764
3032
2259
6286
9013
1091
5723
7733
5860
996
6416
1752
6734
8758
4370
5849
5212
5910
316
9008
4242
2404
9612
1957
9769
8075
3250
6961
3096
1364
9869
3690
9840
4920
7816
5172
8868
4478
8929
1282
6608
6116
440
2189
427
6728
9870
7266
9482
2811
7742
3142
3699
7579
6419
2396
8505
4495
7180
6043
2981
3909
424
5790
5382
6295
6416
7023
7357
3432
5780
5095
3486
8020
3706
9205
3838
2638
9231
7718
2999
4211
1886
4184
791
4264
4397
9679
6588
6254
5818
6547
8307
5506
815
8450
3034
6148
1015
8212
1965
9785
1500
4613
9256
8581
1771
7758
7740
8673
7639
4831
6650
1099
7526
6687
8748
17
5556
9456
6602
6115
4635
1242
4689
6215
5192
9257
8148
3478
5832
65
5467
7239
2053
4341
6016
7533
6913
9408
871
805
1583
5107
4942
3557
6348
2294
6177
8904
8672
5953
7525
1130
9037
4843
9074
6251
1927
5707
5769
2243
4064
3670
6605
3956
4450
5318
5399
2202
7086
5037
690
6948
6606
418
4748
6292
240
4671
1689
3043
9404
6828
4663
2641
3473
8532
3311
6756
7568
1950
886
7595
6862
3506
3940
9307
907
4519
8704
32
6357
567
6779
5184
673
6016
6103
1634
4297
8026
896
3465
1129
1848
3041
1325
2654
4077
6991
2331
6345
3296
8667
8699
4179
3057
1848
4738
738
7921
7233
7545
3571
2420
6236
1448
6215
9980
3460
6725
8109
3921
7236
4408
4071
6681
6523
3093
5233
6274
8585
1105
2173
5817
6977
1192
663
5085
8657
1866
3427
2791
1351
985
9780
8279
4081
9586
4676
9189
6613
9742
5239
4071
4129
5525
602
8887
4912
3987
9995
7593
3053
6927
1737
7353
9852
3676
4556
5763
6177
6680
8746
8375
1377
52
506
5304
1202
8190
4967
7539
7585
2820
9937
4494
5192
4079
4153
1774
4704
1550
2371
3499
804
3470
4028
8027
1806
1513
3189
9909
8143
2213
7980
749
3855
9159
4945
8208
9475
1708
1702
6533
3428
3707
8747
612
4033
9824
171
2665
6892
6890
7804
3305
9370
7217
415
6140
376
2967
2477
1488
2264
2902
563
8455
1735
9369
5830
4093
1662
5907
4245
2106
2785
5464
225
6838
3570
3152
5554
6193
7135
3103
2617
9224
708
4995
3552
3760
2818
6143
9772
929
1773
7574
3986
9282
5009
1541
6411
1539
768
6888
80
8427
3356
6330
4791
8771
6436
290
5111
8888
9190
7969
7383
6000
6519
4106
6840
6112
2604
4037
880
3428
9801
7733
7386
9653
1269
2797
1968
3594
6255
5255
6536
160
8083
2259
1917
2164
3205
3630
2867
1144
5255
216
5453
1546
8909
7555
4503
8115
5305
71
4059
9663
518
5002
5504
6605
8948
6008
156
8753
5830
9663
8045
4958
5327
8839
3262
7391
330
250
3241
5363
4351
2598
2153
6010
5682
9790
7354
8156
9684
1578
5020
3183
4914
6452
100
2985
3639
2877
9592
7424
149
6775
8157
3906
8667
3645
8488
2306
3429
6981
8000
1244
8597
5771
5671
5711
9502
1450
9801
9092
1968
3708
6108
3626
1964
9117
4809
9643
1006
5371
7134
60
5404
5514
9132
3255
3141
4343
8186
8392
5757
9263
8841
6091
6053
9598
2936
8398
1092
3726
3901
1939
6999
7435
9966
8069
9652
7163
9278
1396
6631
9984
1374
9785
4803
6881
4584
5437
2835
3210
6281
3219
8628
7654
7499
1059
2261
6381
2995
8956
4840
209
4665
4507
4489
2867
5153
9862
5719
9319
919
5495
5247
8237
9288
3833
419
1098
7932
7685
231
2443
3402
8385
5890
2963
3645
6332
6856
1612
92
6660
225
5482
2071
7093
6537
5141
3361
9747
7883
90
3741
6651
3994
8193
7076
9144
6240
2497
8341
9709
8360
809
8260
9880
9913
5866
5230
7584
4079
235
9550
3485
1432
686
3649
6428
4345
8898
8841
1378
7223
2349
9922
1777
577
3709
5175
879
1017
9402
350
327
4637
2849
9293
5409
1055
4506
4042
4837
7340
9673
7475
72
5470
6295
7634
5182
7914
8856
5464
7386
4731
3096
2385
4056
7401
4946
614
7439
1984
9435
1549
7435
4321
9438
827
5164
3491
4813
3528
1610
9045
65
6603
2547
8082
7115
1206
2443
8523
7919
362
5995
5511
8170
756
7018
8747
1055
2824
3530
5872
7846
7573
6546
9761
914
7406
7257
5882
3485
8743
5767
7969
1861
6683
7521
2015
7182
6415
7413
8652
231
3647
1569
9007
6215
5903
8750
5174
4493
9971
9810
8042
3536
4839
9443
2820
426
8388
872
7530
2698
596
6515
1026
4827
2682
8188
6757
9461
1701
2621
8078
3695
543
7988
3807
4419
1939
3129
2839
8047
7352
8090
6090
2674
1552
8575
4828
3931
7667
2123
6933
6361
7439
4179
2451
2237
6208
5007
2361
93
3141
9518
1351
9480
7689
673
900
300
4257
7729
5
1546
4341
3418
6191
1377
6250
555
3205
3122
6550
8601
6780
881
1792
9891
1131
4663
956
9848
6885
5852
6029
7938
4120
6198
7901
5618
8793
354
7505
4925
5867
9787
5280
8935
5248
3477
8743
492
2757
8000
5812
4599
7175
4459
5839
5416
8074
3008
6476
9880
3912
1328
3121
9198
1979
1791
2384
4234
4663
7760
6790
4162
3616
1223
9718
7666
629
7426
5681
1021
8972
8429
1704
5780
3544
7486
1498
9899
7756
7676
3119
839
5326
3274
6594
644
186
3565
7753
1217
8618
9260
609
4436
8043
2633
2820
9114
2083
6840
8815
6215
3948
3816
7626
309
5465
88
4015
4572
8738
4641
1962
1473
4286
5583
3153
6209
4782
5679
6275
3029
4508
5448
7850
3690
3216
7766
7407
5101
5775
5680
2912
2681
9134
7569
3418
5195
6653
6200
2508
6544
7276
8468
1734
5896
6484
4917
8948
3580
8452
9319
3949
7221
8893
3732
4632
3359
7307
7373
9449
8261
7516
4708
3583
6381
4158
5031
3201
1845
2211
4750
7030
6057
8075
8285
4461
3512
2159
3749
6721
408
6548
4304
9947
7432
3788
992
3417
343
1275
1896
369
6124
9664
7364
1267
1760
1107
2466
3159
5192
8779
3253
1555
9413
2181
9656
8991
9046
2313
2932
4537
4913
30
2634
8526
7956
8040
552
4311
8167
6434
8002
2033
9244
629
2854
5149
4292
9142
8593
9593
8798
4426
884
2120
2227
226
4545
6034
6446
4417
5577
9330
360
7311
5041
4308
3845
1573
6007
901
4740
6018
8410
6427
9788
5355
7832
4006
6925
2318
8457
5213
8227
8774
5440
225
8788
6793
8678
1340
3104
1541
944
2711
7735
9597
7682
5318
7035
2416
2711
4200
9168
3778
4677
7553
9170
2344
3990
4755
4665
937
9366
3868
6295
2277
9725
794
4902
4899
4303
210
6995
9194
3712
8146
8834
2467
8884
249
2196
1740
9134
8
8934
7602
7613
3531
6990
8809
7159
3086
1162
7487
372
732
7570
7590
7639
7964
1496
9216
1056
5622
433
9251
5470
6624
1998
4367
7521
1868
5247
890
9212
230
7866
5430
1251
6056
7347
3915
560
9374
4359
9686
394
4415
3032
5429
3760
5873
1333
4019
2630
1080
326
3216
8746
1334
2875
4761
2800
7600
5641
6044
6755
1333
9242
5630
1973
1342
5224
8109
626
3575
3394
8685
8871
3911
8447
9091
4112
1583
7130
5039
8715
2044
4234
8470
8368
4655
1686
8721
1909
1382
6789
3427
1679
494
5339
8679
7143
6897
1610
9227
4626
667
440
9140
3009
6347
585
3994
3236
8892
3467
7436
9659
4806
2935
2114
8643
9327
744
3275
3755
2210
1243
7068
2371
2938
4863
9644
7672
6345
3036
3018
7251
4694
8256
4325
2341
8293
2924
2929
8492
9977
7710
4208
2026
1272
7063
7910
2709
7759
5088
1541
7000
3734
8025
1864
3804
7476
7594
8343
3856
709
8875
3276
1022
76
8641
5584
5888
4714
4143
6875
1838
2446
541
1071
5944
1386
9118
9353
4984
2346
6212
3381
9729
8703
8977
9741
1446
1707
1131
6295
2592
4369
963
5949
2167
252
5720
96
2438
7380
3472
8006
5407
6708
2572
2168
7114
996
2136
1891
5322
6194
8638
6271
6965
6519
554
3199
4233
2338
1004
3154
3651
7953
5079
4582
4129
627
885
7970
2460
6243
6679
9485
3011
5975
7731
261
7531
2451
4378
5435
5720
1256
5088
8278
8259
1256
8718
5938
217
4277
6243
9963
1855
8397
9434
5920
5962
4273
6136
4863
3429
9351
5651
8207
1016
5667
7938
2986
8200
3686
7713
8769
2990
104
36
7538
2112
7805
6161
8617
3036
9041
3701
2676
8540
1643
1896
5900
8441
6907
1004
4946
6138
4167
1835
2665
4862
824
3784
5552
6695
1523
9306
5184
8413
2444
5889
9941
1233
1837
6310
6819
3997
3211
3408
8882
3252
1877
9115
5999
5908
7103
7173
8183
8348
9700
7702
4694
5363
966
188
1339
7998
2844
5574
3279
8246
6788
1943
1668
6470
1320
6412
3918
3843
9404
4825
2204
8713
7063
2691
8483
7481
7813
6932
1420
4198
9103
476
1008
2302
6371
4062
391
52
9977
8138
5503
7034
1809
6093
9417
1356
5138
1680
4525
6012
6303
6312
2041
2977
3475
5680
913
5142
8644
1345
6443
2985
3428
8897
3382
3957
277
9989
269
306
3525
9340
6151
7509
1661
397
3742
5236
3204
3153
4921
9197
7275
3429
3480
4400
3905
7841
1858
8606
6933
6338
2540
9990
7060
1266
7052
7142
6889
3720
9898
4522
3086
7774
6705
3480
5344
6441
115
3323
4130
2496
6476
2152
1312
5203
2483
2050
7239
777
1973
6070
3697
5662
7854
832
9270
9933
5890
9416
8146
2622
656
5442
8312
7859
5114
6711
7363
6729
257
97
184
2325
9447
3815
9811
3742
9589
8754
6400
2414
4673
1592
7156
5435
8194
1209
8872
2126
1511
2284
461
8686
317
4449
7676
1089
1499
6508
112
4567
7889
9632
2284
5600
9050
3058
4971
6669
3968
4392
2593
3780
2591
9270
7164
3476
4286
1183
7393
8751
9092
7454
2855
8854
219
3995
958
2293
8509
1884
3126
7013
9415
6539
9992
2818
4003
9869
8542
5887
7181
5887
2732
7808
7897
2381
9553
5746
7765
6699
3348
2750
6264
7819
6421
660
4491
4572
5100
3510
6329
9330
3708
3509
1433
4230
5124
4891
8907
970
5663
3214
1256
5473
1581
4903
1694
6459
5585
4404
9199
3909
7234
5167
1629
7025
7604
5697
3943
9917
2827
935
414
2360
4595
9173
8745
1057
1590
6856
714
4343
7563
6452
6354
7454
6476
2439
1077
4568
7050
1987
9207
3078
1995
336
5282
8872
4699
3798
5387
7872
1115
6239
370
5538
4462
1769
8894
9281
8974
8183
5591
5311
3032
1278
310
8526
6786
660
6542
2382
2195
584
7881
4212
7019
5677
2967
8030
7707
7528
8495
9283
778
7495
7501
5282
4046
5180
8654
8348
8914
858
4061
5890
5516
9790
1348
5929
6191
751
1532
1150
4227
9984
5628
612
1509
5882
1540
7739
5690
9646
2004
4192
6571
557
731
8467
6058
570
6338
1200
8270
8296
3391
9271
7129
7059
2531
2301
2858
1599
5595
4275
7858
6033
9658
2615
8877
9241
9961
8441
2110
6537
8485
1899
6212
4666
5195
2187
4520
5708
9272
6324
2103
9152
10000
13
2416
2905
456
6129
7366
8412
9300
1655
2606
8080
7746
5244
7034
9307
5344
1804
8646
2581
4101
784
9591
6669
3896
4024
8246
1280
97
4416
8406
5885
9098
9004
1262
5282
5091
3906
2574
4366
2654
6012
259
3957
5115
7717
8906
494
530
8922
737
3453
2690
8560
2872
2092
4384
3382
5736
6913
5147
9927
8821
517
399
8959
8432
5317
7626
6779
7862
205
4340
3876
8142
3328
4005
3215
1464
7705
6762
6154
1593
5140
3387
333
5171
3817
7775
391
3030
2332
7602
8193
4913
5350
7687
6001
6649
168
9270
3397
1118
3152
6103
478
4506
9815
7449
4429
3169
1063
9890
7079
6827
9911
3573
9239
5888
5596
7377
8198
9480
3235
108
4408
8197
1216
3839
8775
7426
8950
3089
3594
3135
9118
6500
8300
9011
2222
5383
3841
6755
555
1991
4916
1592
3660
9778
5314
2659
5400
507
7012
5088
8342
3500
7116
6721
1006
5693
7363
9167
1093
2974
1428
9228
4604
4587
3708
2195
2070
4821
9727
8007
4213
4275
8254
1579
2102
4098
4921
9107
2039
9410
6803
9439
7411
5605
6877
7412
6600
9406
7801
9726
9890
7484
6642
1060
9274
8652
7441
7217
2868
9206
7869
5994
698
8283
2509
243
7517
4098
8693
5622
6826
6985
2487
4843
9392
7452
8836
304
7914
1914
7626
7473
7117
7782
8716
5924
6474
9367
9563
2802
9948
1205
9317
8306
8531
4638
6573
7927
7637
7950
8554
9262
9784
7758
1106
1138
9747
2707
557
6872
7354
8854
509
5595
9993
2013
179
9272
8614
9503
617
5763
8706
2742
5983
3672
6608
8392
7763
8488
1596
7634
6964
2682
8775
9013
8087
6745
7007
4579
5831
5696
4552
4488
1347
8334
2534
1358
2093
2000
7203
1606
2459
8591
7460
4473
1306
7044
3410
6629
7737
1382
5381
2008
2468
1812
408
6124
4450
2402
8972
7876
2759
2542
1135
55
3105
1561
4024
180
8857
4620
5575
5501
9305
9687
8153
6732
4067
6591
1148
9323
8773
4829
230
9025
67
9805
6178
4676
6748
9341
3868
6424
6466
1829
7527
4431
1397
6048
6672
9168
5845
280
9514
8036
9619
756
1767
4440
3999
3067
6703
6112
7916
1107
9006
9480
9395
9090
5989
9876
7659
6884
2618
7252
6547
2540
2429
6002
4457
2138
3267
1267
9536
9225
8526
2053
5765
7963
9572
646
5351
5736
6371
7472
2052
5289
2175
8244
3980
7151
8047
5526
9234
974
7743
9428
8460
1149
5950
7489
5757
6876
1325
2812
8174
9301
5106
4547
7998
1535
9301
3891
4303
3660
1346
8956
3334
7973
5053
1735
9101
4683
2494
3153
467
9178
1165
2492
1621
695
5698
5567
7014
9521
8747
6446
713
5417
2147
5528
6246
7819
3001
5422
6679
4763
5027
9910
5618
9106
623
6344
1246
8452
7504
242
9225
2967
8147
489
7016
27
3279
5319
6089
5709
4149
9203
5833
9917
2105
636
2527
3257
3213
9808
1125
2039
31
3159
7514
5184
3141
6173
6366
4247
8770
8081
1057
7982
1779
8748
8456
2453
6956
7721
5922
9063
3286
2689
6336
5003
9122
9875
3835
1792
946
3199
8069
248
9712
8115
3301
9626
3885
7378
3677
323
2787
2817
1953
4044
9112
5676
5567
3233
9675
2508
5180
5573
8841
4316
210
8379
9596
8917
9278
7617
5414
694
4661
5569
1443
8985
5252
9967
8236
7117
9806
3067
6137
3313
1138
5215
7083
692
8589
621
5947
7995
5789
6070
6113
44
1355
9433
3155
4279
8698
9540
2705
7693
6052
8993
5397
1369
9845
3851
9868
3851
9833
9475
6070
6993
6114
8784
4162
7880
2231
3849
1199
5233
9449
8881
3546
7860
7679
6819
7315
6599
851
5403
3082
7927
9309
2341
7441
6979
6378
5758
1532
3975
111
8756
4256
2219
7347
6740
6692
1579
9030
9801
9059
2745
7923
7200
5397
8346
1156
9088
5522
865
6959
8564
1089
1817
4238
4570
6570
9749
5183
2333
3839
6937
5683
2903
6070
9387
8570
9603
3968
8701
8000
8648
3848
7730
7635
9007
4047
2873
1420
6392
1339
3594
6120
4070
5650
5636
4132
912
3173
5099
8170
4164
7595
5479
2276
2514
4872
8255
141
1135
5360
3212
6096
7448
1198
2424
3966
1385
6093
1075
2010
5846
8473
8401
1632
463
9344
2436
3010
8114
311
8672
80
801
7769
4224
1373
6974
298
7115
53
4150
3576
9494
8486
9400
5520
7577
2186
478
2074
7217
7646
7583
3172
2080
1977
6558
8774
9994
796
5776
9129
7695
239
2219
7441
5012
2776
9448
4585
3070
9871
5761
2306
1832
1143
732
4498
4501
1248
1988
4727
4793
233
6365
1408
2865
6517
1564
5033
4661
2109
8407
8010
4711
491
7305
7252
9747
9015
7924
9982
1037
3519
3980
3819
6183
7269
5253
4363
4552
7275
8645
81
5273
4698
8094
1167
5082
734
4526
5008
1934
9691
4405
9630
6069
2315
4388
4793
7914
1110
4908
9888
5763
4445
7356
4628
5933
7688
9146
6528
9968
8990
4678
6585
8134
2533
5576
4040
8130
1042
6369
8619
6980
2655
7434
6246
2204
4441
6439
5705
8636
1866
6481
3118
1288
2682
2251
2508
3880
2383
6398
6451
6290
8619
1309
381
2736
8371
515
9982
3430
6195
73
9461
9755
7966
9174
7217
1169
7094
4060
7901
8041
3661
5679
2177
6990
762
4370
4445
8289
9236
2134
90
5521
7157
9981
6087
2147
996
9688
2784
3136
5530
395
1532
8477
5832
4679
5820
4832
9915
2003
5061
814
8300
1620
6853
6463
7567
2113
6837
8735
8221
8454
6186
4741
2590
8350
2002
6249
5862
8674
5995
6576
3279
9500
554
2643
2530
1312
5185
9548
4454
4366
6739
3813
6907
8758
7414
7674
977
5589
5127
3241
8254
5505
9523
266
1830
2741
2720
8197
1770
2449
8318
7487
1951
7034
819
3221
3555
1016
5917
5762
7402
4666
3446
3082
3127
1019
7218
544
410
8157
3804
7947
3423
1780
421
4648
2554
777
3392
6242
1865
2018
6460
1854
463
913
1227
6596
2733
275
1200
1705
8344
2084
4704
8482
2206
3761
4835
9862
5058
8288
8363
7921
6792
5781
8375
9501
7118
2305
1832
2818
1446
7123
6926
36
4107
1130
3320
9975
981
6185
7377
1585
5253
3098
9403
6514
6699
4868
2250
6995
2780
3158
3816
2177
402
2551
6470
7718
6329
8244
2941
7720
983
9472
170
6808
3705
9013
5011
8136
9221
5296
5812
3817
2119
4230
9727
8987
9142
9889
3254
6640
4084
2347
2642
6508
5920
7258
5680
5466
9146
1965
4359
9730
3815
7022
1443
5480
8726
6058
1811
1747
2880
549
22
1471
57
5874
8370
9275
7451
753
8246
3949
1764
1032
6166
2248
531
1225
3411
9105
9229
555
2659
1557
4629
3159
699
2506
6731
493
1869
8399
6770
9805
3094
1699
9763
6031
82
6580
1317
4824
2265
698
105
1214
3104
8715
3483
9533
4579
4069
6508
5298
2669
1432
8286
3881
7748
8231
730
740
980
1592
5802
9387
5893
2874
8384
1864
9686
1478
1132
6389
9797
8626
4926
313
7091
6716
7366
10000
7188
7952
4200
5635
1021
9650
9436
8145
8307
4071
1797
9903
1954
2346
2728
8608
9012
7520
5548
2682
2922
4140
4779
7887
2916
4373
5631
3662
9206
6714
7187
2373
7638
2749
4879
6821
3811
2456
5229
6301
648
648
4821
1098
5106
9417
8984
9386
4608
5091
4665
5218
5992
8181
3407
11
665
6543
5842
9226
977
3420
9248
7871
5819
3957
4237
1855
9523
2241
7617
4190
9856
6758
239
4471
6250
3832
9203
5093
9711
3101
5345
8666
8073
2011
4294
9611
2639
1697
3226
1989
2360
6845
7658
8037
4319
4932
5991
8490
2131
6476
9307
6700
8249
3969
6730
2554
9657
4536
5277
8164
5764
5813
1657
7877
9712
6779
2372
8723
2274
5707
5486
8682
7578
2641
2501
4371
9173
1278
1118
5956
604
7987
2091
4093
4145
3842
1812
1599
2749
7497
4113
6576
6052
6770
4659
9868
5609
2093
9312
564
9598
1497
1397
449
8446
1384
3182
3458
5776
4734
420
1211
8172
373
7705
7449
8869
3848
2415
642
8891
5481
9899
2378
5609
9179
6807
9187
7570
7475
4090
4564
1128
4738
7130
617
8653
3191
159
3254
5671
4797
9714
7438
7187
3470
5665
9669
3756
9318
5425
3667
5685
4276
7409
6031
1074
848
8557
8298
9456
1433
8064
2488
565
1619
744
4397
7042
5703
4166
475
6457
4321
5664
4276
2181
870
2365
4939
3445
6104
659
9017
7984
3874
9314
6155
1374
2133
899
4101
7221
6850
1677
1163
529
7313
6137
3354
1667
2214
5380
1125
5898
5790
5285
4213
5199
1926
9433
7150
8941
27
6217
118
577
9664
6816
8948
8259
861
7098
2309
1535
8560
7734
2917
6704
3391
4338
2309
9138
7585
5239
758
7672
1470
7179
6150
2914
2997
3695
7593
4956
8905
4783
7885
5265
2362
3588
3511
5233
977
1699
169
7350
4613
2814
9361
8956
7454
7701
8860
9730
8335
1646
958
4237
6389
2334
2829
4267
2888
8453
7097
9028
3495
824
1058
5293
6383
5934
1899
2475
5381
8993
8886
2225
6130
3693
9089
7887
1994
4980
7379
7706
7836
7587
1250
7690
5052
3716
8310
9962
6875
3182
2618
915
5843
5685
3315
5540
3558
7779
2886
4047
8550
8872
2339
9492
8114
721
1543
4665
2997
9906
6318
9107
6210
8903
5125
5127
8694
2859
93
8488
3013
1424
340
653
8598
8299
626
2768
3264
8457
975
7958
4830
4562
6488
7252
7169
4050
5358
3924
3164
368
6728
1594
9491
8071
804
7955
9203
705
9901
9011
342
962
3092
8829
424
2283
9478
1359
7886
3444
2324
9090
1992
753
5120
5653
3652
2414
3835
6411
9047
8439
1118
256
5710
8837
6141
7703
5300
9824
4176
5287
1954
7824
7649
2888
3708
4563
4935
9571
3566
3320
1127
3518
4595
430
3205
7733
3517
5436
9288
6396
7745
6462
9092
2960
4693
7432
8504
3778
1154
7269
9496
9474
8573
7990
1627
8317
4492
5313
5152
6451
4356
4807
1740
5138
3604
2762
9723
2136
811
1931
4521
7599
6462
3953
3073
7919
7286
4422
5645
8776
4129
689
2758
9518
6681
519
4342
9975
4316
4745
1340
5860
7965
7223
6803
3033
9037
9463
8953
2240
9903
2586
3760
5713
1340
1864
4994
8728
8381
9146
3646
4418
6069
4805
6690
6488
4702
2561
2473
8277
6064
5837
4398
2193
2009
392
8833
1850
2201
9483
1604
2654
321
2444
2705
2051
6711
3352
6212
76
553
436
9802
8047
4366
4136
4401
99
8136
3440
5087
1796
3463
3848
8580
8813
4225
7538
2053
2467
4005
6189
2235
8394
496
2524
4083
2414
1071
2245
3936
9491
2092
9073
2381
2563
3965
4876
6418
9832
3059
124
653
8611
122
8971
5793
599
4341
9390
9837
3872
1428
1660
7769
7594
6940
3295
7025
9994
5326
3655
9226
775
9537
9835
2991
1326
1144
1546
2094
2344
5267
6997
7587
9409
1718
136
5328
5942
9567
9380
7784
2490
1415
5699
350
6928
6824
2612
1849
7622
3512
6161
1080
6120
5511
9567
8153
9241
6886
8784
8028
2394
406
1218
2102
8460
5851
7954
2394
8880
7546
2301
203
5528
4617
779
4969
6300
8005
8716
7062
398
4013
3738
1817
3800
4402
1370
2231
5761
6346
611
7161
843
9552
1225
3240
4561
473
6311
6951
8702
6087
5155
5159
814
9627
3805
4847
9751
6432
9529
6643
6824
5330
5261
2143
9287
2936
9092
6639
2373
7018
4213
2104
4878
5374
3736
7063
6906
3912
4858
1439
9661
9925
4661
8188
2388
6284
6478
5826
1747
4419
1267
3638
180
5987
4422
6461
9669
951
8698
8222
4429
2741
7338
2208
4489
3082
87
5190
404
7129
4982
8445
4066
9538
3640
6256
5796
5392
2017
3164
4067
8669
4347
110
6763
4301
2192
9298
1792
6606
9434
2567
5213
6282
5210
281
7378
3758
2996
4108
7674
7019
1223
9821
2284
6444
6013
9213
1023
8669
3675
8054
5062
9197
3668
747
8781
4996
2690
8581
2196
7961
5033
9266
9898
9937
8468
607
1268
2202
3481
8401
5903
9005
8772
6751
8127
6405
7232
7543
3056
9631
1884
5570
2384
3452
2943
5363
4505
6899
4893
2845
5664
6075
3251
5458
1849
7111
9398
9193
9811
9763
8519
1141
3520
5949
9228
9810
641
6299
9217
1767
3891
3457
9976
137
2519
1153
333
6722
6808
2564
8659
2584
7508
103
1490
449
1626
7799
4713
2530
3013
5074
6551
8019
5367
5105
3566
5739
9289
633
18
4743
3862
9930
120
2754
5937
8505
7609
9605
4746
6588
219
1479
646
6833
1691
1846
130
1138
2009
9600
4718
7713
8596
7932
9818
5827
4972
1427
7739
8415
9520
2727
4981
3702
5391
2740
2028
7844
6161
8635
4805
4017
6786
6036
826
7865
4545
5136
908
3828
1805
9349
3021
6382
3321
4382
452
4190
1726
4676
1592
496
3904
5854
7099
1303
4264
3973
5379
3811
3299
1303
3056
5465
2847
8106
2439
8198
3717
4379
1745
1455
816
4617
9066
3984
1369
1213
3615
817
8293
2756
6519
2544
445
3183
1344
1789
6301
5505
460
690
8704
8603
9087
2662
6092
1374
3353
7349
1797
5932
9070
1440
1478
699
9739
6237
2353
8238
1663
4336
2281
7631
5842
6672
4479
5682
2321
8779
273
6581
9026
9001
5822
954
1632
2906
8746
4250
9730
1761
7579
8359
2543
6229
9296
8616
5970
8878
2704
2864
3428
7543
6878
1790
57
5859
852
6600
7663
998
9739
1619
1600
9325
2510
8730
9161
7622
8987
4138
2189
8078
1820
9470
6346
2338
1904
5323
1141
6865
4451
8540
9782
5267
1918
769
3007
6653
8167
2417
3403
8772
7666
4641
5109
9931
1005
6844
382
9884
3116
4930
8950
6046
2592
311
8140
1002
8002
1890
9376
9679
2723
8251
2891
3480
7570
6525
8447
5716
7938
4480
6562
9146
4848
5680
6095
1366
614
809
2160
7456
8968
8698
528
7243
2317
9912
9115
9465
6166
653
2093
2948
600
251
4544
6695
3355
5329
9490
5687
5991
3665
2583
2208
4765
7902
983
222
6523
4259
9129
785
1583
6549
7516
2801
2631
3384
8396
1513
6996
9091
2537
1948
4319
478
7036
9547
9904
8071
9312
1218
3528
8191
4422
6567
6863
8130
2203
1521
3620
6241
1731
8913
848
6373
7964
6828
7495
3976
8814
3651
2378
1704
583
5619
1572
3897
4430
1534
2822
3802
7098
1503
239
7813
5871
215
7737
2148
279
418
9620
1694
4958
2327
6614
3459
2615
2973
7847
5952
8494
7930
4134
4430
6541
2864
4581
4581
6374
9349
298
53
3404
7694
7473
3911
9213
3114
6586
966
5984
1714
4475
9246
1467
9755
227
8109
5168
8023
5747
1564
2109
4958
7887
2536
829
9471
7509
9448
8199
6820
7435
8714
5889
5577
9690
7487
5823
5402
3468
425
6105
1037
9500
341
5227
5013
7585
5588
8951
567
7876
8562
4191
7437
3191
8633
3281
6358
2623
629
8611
7402
6557
3889
5138
8964
4366
2214
3826
3078
5018
940
8877
1786
6623
7778
5555
9381
1251
4971
5122
4334
2559
7285
842
6904
9033
2525
798
5840
6740
5317
627
2752
9068
2493
9283
6892
6766
5447
6479
6053
8458
1759
6099
332
5967
3260
3849
9258
9926
3785
2156
7441
6885
4699
8347
8231
1391
2899
2506
8092
5503
6452
2066
274
3172
1352
8486
3695
1766
1690
316
3091
6491
6340
887
8467
3185
2682
4172
5653
5800
1916
2424
7959
6606
5637
1325
675
1885
3943
9783
6324
1113
7773
5553
7456
1154
8737
1545
624
7435
5915
1117
8353
2568
155
7420
4856
3603
3327
7204
9800
9228
7849
7831
1070
5095
1308
4773
4160
180
5590
6161
9766
2271
8660
8315
7
5862
3190
5205
9893
4861
4410
2202
2321
429
5625
2800
3631
5159
1645
171
1785
3269
621
2227
3137
8531
5110
1422
7561
2075
691
5937
9378
8970
3546
3966
5721
6626
3707
2004
3649
1443
1664
549
4339
5617
635
3104
4157
5462
2398
4111
8726
1522
5267
5703
67
8237
8691
2326
2439
6919
4638
9000
8373
9710
6490
237
9270
8751
1261
7552
7390
2119
5513
3967
3432
8522
7675
2702
7014
4086
3308
1834
3498
1985
1983
5021
1267
3854
4970
962
5878
3391
7514
3307
9596
9889
9410
6806
5906
1741
5170
9904
4079
7415
2718
8820
4609
1436
7604
714
9278
9986
3841
105
3117
6992
1169
9985
696
5400
8310
5416
3658
2297
780
6022
6487
2820
8891
8485
2454
3934
2225
8500
2003
4188
7930
5240
4747
357
9617
4975
190
2272
6344
466
5387
200
8076
1648
5211
213
5773
4553
3458
2881
9614
7815
5985
4321
8575
562
420
6312
8185
2214
3478
3579
5881
5368
4178
7825
4550
1980
8744
1633
5654
1598
3545
9578
2730
6437
6737
2932
3821
4534
2643
7271
1508
5378
2438
7377
1222
9117
712
1265
322
2074
6812
7559
3783
341
1228
5969
1469
9754
7519
4585
5035
680
4250
5580
4251
4559
1670
6481
8885
3312
1041
6257
6684
705
8298
6949
9967
6351
1057
8834
1880
6577
5932
2714
7633
1458
8186
3191
628
3492
3548
8771
1042
1231
9315
9332
4857
6547
7682
3059
5896
6887
89
4082
9422
2127
2504
7216
3198
8874
1676
5682
4858
3076
4176
8658
4179
2630
6676
9003
884
2684
4721
844
2892
8724
8988
4350
1031
8271
3715
5390
4195
9311
3846
3264
7644
9120
1898
8237
2557
8564
3198
7758
4287
4254
9891
5190
6943
104
5704
717
4459
2419
2805
841
5823
6388
7212
9388
7430
6280
5121
7090
7884
1347
3950
3
7891
402
7590
528
7600
7347
4315
6794
1811
6914
389
5314
9661
8518
6277
7983
5025
5514
9777
9633
6606
7952
8544
9284
7153
6727
1218
738
9284
1431
835
2740
5806
3408
2318
6866
7651
9227
4230
9968
4788
4049
1843
1566
7732
1083
4930
5074
5896
4555
4491
7403
3274
5390
7087
1463
3108
5224
2813
9713
9497
9202
7251
1871
2561
5461
683
796
375
6083
491
3110
8706
6102
4965
7324
4404
4206
7326
3551
5730
4564
582
1880
7931
8905
1729
2908
965
7615
1305
3394
940
717
8703
4841
1300
5625
6547
8502
2472
1745
21
4692
1794
5899
5355
2921
957
7973
5430
3510
1199
2130
4199
7852
4296
6306
7914
4528
8613
7059
1180
1059
9296
2193
2808
3466
6170
4806
8524
3694
2349
7047
3293
7708
8495
7724
8015
3820
1284
9738
3264
1963
5909
8369
3892
3264
3837
9079
366
4203
5943
118
6532
440
3611
3752
123
7257
3551
9691
9277
7062
3139
116
3841
369
3763
8385
2854
6934
3560
3106
9367
9029
7398
4632
6040
5455
8451
2014
9612
4122
3421
2640
2963
5025
990
1399
2771
4115
4174
1953
2935
5545
1745
6615
2619
9005
7836
8990
3182
8993
8929
9827
4831
8125
4388
164
4050
1492
317
6580
3902
8379
4509
2356
7127
9870
4253
9802
9870
1014
4849
7598
906
1936
3249
5146
3328
9917
5266
5354
6158
734
9132
9878
9643
6698
6738
7599
1185
9430
2631
2744
5261
151
9807
4885
8171
8530
1203
8040
3104
629
1225
6068
949
7100
7383
7370
3559
4255
3157
1982
2137
457
8869
9752
3097
8207
9222
9146
4856
967
3443
6119
1657
8052
9073
6013
2904
8034
7667
590
6739
9445
5553
7183
8
8963
1248
2035
1123
7267
6013
6474
1451
2477
9746
4359
4189
2168
6299
4685
5587
8579
5667
1762
8084
2219
3992
5635
3961
6916
5192
4416
4526
6010
8030
7591
5683
1435
3569
5933
641
7896
4787
6217
9506
2365
4793
1566
8728
3801
2079
6459
7052
8683
8822
4439
9257
5724
2648
7423
6769
1645
9152
2875
4475
1297
1262
5797
9020
910
7660
2142
3115
7624
6450
777
9818
6593
7770
6575
5979
6051
465
2152
1260
3511
1006
4040
1698
880
9725
5044
6589
2806
6937
3702
6896
1039
368
3324
1228
1189
5943
3570
5707
7843
1661
3246
5341
8032
2135
5906
2767
9100
4077
6574
4678
4244
3014
6257
9755
2316
3600
4142
3465
6360
4658
4497
708
2526
6851
4406
8287
7487
5114
1918
8760
4667
554
2582
4135
9361
3100
6905
3701
591
2216
4819
5128
6899
3035
937
4526
5306
9484
4387
5039
2169
935
4929
6435
7258
8743
2823
9202
3785
2917
3321
4976
2441
9506
1352
5741
9206
9902
7378
5597
3048
1348
7422
881
403
5153
3070
6917
6251
9386
5985
5192
8330
947
6295
8760
8945
9172
7942
5741
3926
6441
4444
1904
3118
8494
9652
5347
8615
1188
5478
4590
6397
2080
2609
7387
5871
8664
6396
6743
1174
504
1491
5765
4201
1283
824
4431
3512
2152
5945
2250
6360
1377
9655
9314
4268
9790
4259
200
2318
7166
5949
3293
3447
1251
9388
7419
8708
780
1505
3071
6828
8099
703
3328
2006
55
8059
3230
4660
1630
2996
987
6186
4340
338
7998
9372
4443
4830
8266
4081
2829
8197
2860
5286
3765
5882
7587
7508
8281
111
8727
2208
4023
8041
7253
6272
3412
9087
4081
3276
9763
7021
2754
3359
1231
8796
2923
8436
4140
1451
1356
9694
4317
5533
9690
4182
1882
2568
164
5271
5823
8631
4168
1453
2217
9127
2008
2147
5371
9677
5125
6982
3993
4109
2888
97
3266
5122
2496
9205
4906
238
3808
8515
6346
7090
631
184
966
1809
112
465
8806
4915
4717
6622
890
4962
4525
9059
374
2595
3926
7767
8996
1335
5570
892
6875
6567
9001
8274
1687
6403
3563
272
6976
878
920
2113
1909
4914
2209
3952
4990
43
8400
4600
179
8038
4461
9588
5206
9373
5272
1355
8875
5759
3854
561
4848
2090
6557
4983
6827
5782
2291
2118
817
3617
5991
6996
4677
4168
636
3581
9691
9506
2147
1039
8922
5184
1267
6147
9702
2576
1800
3605
8046
4634
4594
8132
5210
681
39
2666
3521
4327
4298
7624
8681
228
2381
9748
6878
2145
4087
8052
5655
7887
6254
7
7883
891
838
2648
8506
8737
7960
1079
5794
3965
1045
1359
6339
2212
6635
9012
5872
1344
7000
4076
9092
5429
8457
2557
2435
5422
7458
1106
8043
5268
6781
7733
5449
9196
1771
350
4284
1912
5717
8049
1599
184
6404
2659
3621
642
1858
327
4155
490
2104
4335
8554
1514
4101
6887
9943
2789
6178
6991
4465
4888
2501
3272
8100
9441
5684
1270
6017
7524
14
1618
4813
7657
640
841
9278
6340
7314
3276
3636
8052
3937
6761
7018
6707
2085
2752
1449
8655
696
7795
905
7243
8156
8129
6866
8524
3958
3927
517
6917
3532
1898
7281
5022
3336
7464
842
2440
4568
1969
303
4950
7334
1888
782
6437
819
3872
3824
2992
9019
6214
2561
1428
7639
640
5259
3065
887
9517
6640
7368
6970
4710
3573
3475
1144
322
2723
2208
5832
1432
81
4652
3191
7392
5395
1009
438
5285
7195
1663
6493
2671
7403
5558
108
4180
8001
7465
9179
4808
3097
7697
6449
5665
9475
6221
6679
602
9307
9491
5337
3038
4311
5239
9642
6928
3070
9160
4250
8581
4391
8444
1608
2323
72
313
1218
4431
227
9549
7657
146
7726
9936
5809
3441
343
9192
5619
6060
5750
6958
6951
217
2926
1128
9981
7241
6503
2190
1734
7471
6649
8473
9522
1309
5270
5174
2510
2561
9692
5532
7596
138
1738
2161
6371
7659
3000
7865
8427
9830
1925
9725
4615
9910
1094
4577
1730
6278
6003
386
864
7090
1895
6990
9340
3593
1153
8214
3981
7105
8887
1466
6052
190
4514
1562
5560
2202
8671
8570
2841
588
5535
9798
8303
6369
5439
3851
497
625
7506
5026
8297
9655
5313
5143
4179
9611
5337
2681
5959
7890
7339
1897
4892
3684
6760
5699
8703
7622
6654
3068
222
747
5388
4771
3074
3473
5062
5421
5638
3684
7514
8985
9839
7393
9586
8456
5470
894
4099
5835
2464
9043
4386
9275
9444
2066
3859
55
1712
3553
3081
5310
5778
4889
3125
4125
1016
8521
4441
2279
6539
134
3555
1677
1557
17
8598
8988
6563
8744
6079
1231
8089
2207
6925
8511
1440
9123
5759
5617
1030
7580
2188
270
9227
9718
4743
3562
8742
8991
7670
5370
7228
9661
2655
5980
8334
4782
1149
1791
9516
5672
4533
6197
9791
1620
1101
8626
7853
8150
5489
1782
5478
5654
5084
7067
4177
4167
3441
5234
6603
2165
5193
3500
5401
2597
1921
1636
8611
1340
463
7315
6695
65
8683
9108
6972
1790
7249
7514
3243
6794
9191
6739
7678
6791
9796
3451
5472
7265
1375
5978
8056
2031
6348
417
6626
2151
3649
3641
4456
5350
8630
4307
5444
2809
6738
5502
6860
8820
9809
4100
983
3065
7700
6675
9206
39
3256
5529
6654
2793
5214
8190
1044
6353
357
9297
5505
7804
1829
1383
2466
2818
2712
3068
4506
8872
3574
5330
3177
7428
9661
2233
4042
3613
8372
787
6548
6541
7511
3138
9379
9653
5578
7621
6536
4601
2138
1716
4373
3063
1572
3522
7645
5318
5930
7094
2461
1902
6511
1247
9462
1151
2946
7911
5126
5318
9380
1410
5614
761
205
709
775
1489
5210
4476
3139
4481
4063
3530
7486
2563
7269
1228
6318
7118
3625
2976
5474
9243
85
6005
1079
3912
5997
6258
1120
9770
9312
3898
7862
1061
7095
5394
1599
1064
8524
9646
5389
8655
5178
5971
2295
1295
3697
3226
8851
6436
3203
6300
1974
3002
9687
4186
4337
5158
1231
8944
2759
7680
1360
2387
4797
2225
8908
5169
2287
8546
1683
4185
4038
2794
1139
2357
1155
7168
5993
4544
7072
3168
2184
7254
1159
483
6958
80
4547
5522
3236
6737
4833
3868
366
7325
6698
3520
1972
8805
6545
8108
301
6182
3259
2529
8667
6087
9994
3190
4566
7090
866
6622
2708
508
2825
30
5510
1498
402
2993
1475
2074
374
9489
2296
3281
9981
5696
5055
4884
8127
9092
9303
5849
4666
4819
1207
8582
1523
5549
1791
9664
3941
7833
1048
5112
1693
5073
4362
8181
3477
1247
8221
6601
6853
7410
7555
2508
5480
3652
9553
2257
1951
1459
6135
3132
7993
8430
6376
15
8654
9094
4697
6089
3705
3048
4404
8467
4951
629
4275
1225
1942
4170
8625
7490
1309
2880
2921
597
5230
211
6541
9547
6288
976
1362
2954
2832
2475
6961
6570
151
1808
4532
4123
9516
8235
4723
535
2108
2115
3705
2509
2419
4866
4105
4175
8180
6615
1774
1474
8848
8817
4849
8701
6682
3712
1377
7407
3811
5369
4434
2177
9631
2088
3318
1802
8894
7955
9871
904
1907
7689
5001
9095
3043
2722
7990
465
312
6164
9329
3297
8003
5174
7336
6729
4339
9153
2248
7779
9873
6767
3516
4577
2309
5209
6868
8436
3551
4647
2838
71
1546
1958
4316
7812
7717
5864
6402
5760
717
9740
9341
938
8830
3110
2458
9966
9394
3455
7489
9610
9310
4449
8441
9652
766
4716
4077
7966
6753
7272
6009
2863
4359
2670
4535
3175
8741
5607
9217
1289
7250
5092
8839
7782
1134
4140
727
2992
4528
9734
1810
2346
9353
8977
9350
8230
1368
9584
5770
7499
4792
6500
4826
3428
432
3523
1772
2352
7218
4719
7272
2054
6489
5658
2958
6531
7897
1296
9272
3816
9439
3584
6107
5504
8810
5813
1882
6632
3683
3528
2293
4868
4671
1742
4603
4030
5110
7566
1528
557
9523
2368
8181
5049
4718
1499
2576
5075
7653
5259
4413
2381
5169
8972
8939
5914
7547
2853
7047
197
6696
199
2297
8279
1952
4834
4560
794
2148
328
4957
3648
5180
9141
2350
7031
7006
1955
1526
8025
1570
8105
5834
8559
9804
3861
9867
3338
8522
4969
7017
3420
2691
2205
3842
6632
9636
1405
5662
3512
9037
786
6865
6788
5835
1064
1842
2609
7065
5908
5069
6812
6426
6526
6779
875
4550
241
414
5316
2265
1151
2105
8495
9361
1801
2833
294
34
1844
4159
4496
3206
4058
7972
7330
1007
432
3081
2721
8643
3794
9008
6034
7238
6697
564
6944
3067
151
9348
8693
9855
2962
6475
9757
3202
5019
5154
3418
1700
3179
4026
767
6189
5443
2238
6817
7088
1718
9950
4677
9199
7001
4443
57
8923
6743
9443
9495
5997
4087
400
9122
8936
5379
5016
232
151
7437
7803
9032
7354
1491
8286
7109
6166
9597
5406
6669
2050
8938
544
1005
8800
7038
4298
8497
7934
4929
3753
520
3753
7734
72
8884
3292
5782
8758
6348
5602
8770
7630
3285
7147
174
9323
6718
3150
4962
8120
5477
8088
4759
9422
8769
990
4321
7031
7704
4352
2486
4366
4901
8667
6139
3245
4798
8105
796
8828
9064
3196
1602
9165
8621
8369
6016
5319
7740
9707
1795
8349
7382
1611
4423
1278
6656
9328
9969
2265
4665
6815
2572
2283
8929
1056
1488
8928
9303
7840
7375
9769
20
7384
7735
2051
9041
4373
9148
9559
7545
5952
1700
9911
742
2763
7377
2869
4157
5754
4590
6729
2785
7865
3756
7808
6287
768
6790
1391
9467
9110
5407
6032
5571
4183
847
3343
2694
7535
7670
3930
4828
7808
5736
3649
9819
5617
1187
3165
5754
9686
4707
9191
2842
9257
8106
969
612
9587
9343
2357
4750
3434
6913
3753
465
7588
4651
5523
8704
680
7939
1035
1762
7606
397
1873
5411
6914
4710
4942
3733
5548
1294
9450
5678
3297
4308
1711
5934
5089
271
7291
6913
1102
829
3899
9556
4237
9978
7805
7044
6131
6816
5844
40
7859
8331
1932
4138
9548
2104
340
6003
8804
7180
9782
9789
5837
7540
6540
3212
3040
8829
4135
2543
6347
2527
4403
9835
5222
5473
822
1800
2393
8147
2134
2903
2368
6964
3259
5476
3528
657
5196
3222
7648
6996
6920
6503
8277
6307
1253
207
5311
2126
7196
7681
7156
8914
380
5303
6969
2123
7259
8528
7113
3276
3239
5599
3045
7073
3187
1171
5777
2252
425
3427
3344
6464
2483
3473
342
1786
5906
5774
2590
5885
8348
9742
4861
6531
406
8785
5657
1203
342
1836
3544
1338
8709
932
8335
4518
8824
4263
6635
8532
6707
8818
8508
7617
5258
2297
3267
7082
3607
532
8245
4399
8316
3942
5089
17
310
8957
2360
1705
5593
1571
3339
1314
6514
200
1440
4624
4139
7413
5009
9022
3871
9542
5690
9675
2869
2938
1547
7028
5602
679
1573
5449
6801
2288
934
4633
1873
3091
1451
3827
5950
2323
944
9463
8713
9418
8289
5653
854
956
9145
9261
7497
766
6849
3597
3225
5545
6775
6638
9807
4457
1993
9987
7683
8892
7729
4674
7684
5356
4838
8366
3445
1121
4389
8852
4188
1912
4612
1567
416
2878
7506
2049
5963
5807
6881
1682
3930
551
6854
9263
8802
763
8059
4830
1423
5698
4802
7593
7191
3995
4052
498
5006
2720
983
4423
2044
9945
4759
1853
5025
7745
7769
6363
4354
8087
6499
2253
9872
7235
2650
7745
406
6946
7351
9200
3181
5848
4764
6612
9076
5256
2073
6581
9696
2740
136
4641
4898
9340
278
8071
208
8027
340
5037
8569
6900
6349
9633
3166
9217
9454
8277
2883
9453
4616
3167
1902
8923
5630
8257
5305
8038
7879
7187
1077
6267
9768
8170
3203
8187
9736
2366
8013
8580
605
1782
7337
5926
6001
664
828
761
5711
3546
7047
7751
4213
5196
9709
9295
2278
2952
6322
5380
6916
5817
5446
6409
6397
4466
3722
3223
6710
7175
7905
6466
1948
4277
3055
9344
8699
2684
4478
2905
6563
8099
7503
8327
7247
8407
890
7709
2887
9507
5942
7796
9716
467
9766
6637
9434
1665
1452
2008
7879
6310
3422
3824
9981
2763
984
3050
5142
8744
9741
5321
4531
1125
191
7557
3776
8306
2674
5963
3456
5463
3600
4522
3202
7939
7937
61
8503
8781
9126
613
976
2518
7750
7831
5654
2789
1320
399
8073
7306
1822
5355
8561
2655
1674
6598
6334
53
5681
5486
1213
2446
6462
1935
1044
6929
5545
9811
1323
4119
1997
1011
9226
6049
1384
8054
8842
4012
3625
1087
4224
4109
1420
5268
7934
7398
946
7403
1792
4292
8898
6842
1583
9470
9689
3829
6605
8943
5267
3977
9443
5378
4039
9231
4529
2863
9433
304
6043
9324
8804
5292
4784
6992
6123
7990
961
4045
7526
4561
4009
5406
2671
1442
520
8924
8028
613
6254
6712
8664
6635
14
7324
2434
8559
9412
3747
9887
3457
7668
1557
548
9854
6910
5103
4206
1558
5891
1916
3437
5427
4485
3985
1222
2725
8853
2033
8455
1537
2896
1942
605
4949
578
3917
7694
462
2408
378
3617
9630
8913
6055
4640
253
3310
5249
6086
4771
669
2523
6425
9687
4179
6488
6261
6504
6932
6586
8319
811
3037
3976
4313
708
5171
8884
5250
8102
2900
6555
6969
9835
9477
4209
5937
5022
245
74
5660
2648
9089
1741
6940
9781
2347
9463
9634
644
4722
3164
9177
2819
3665
273
4019
1724
3827
9589
7538
7175
1622
6948
5408
9734
1387
9863
6344
4026
8142
2362
1270
1061
1041
4418
1339
19
1107
6499
8892
179
6722
6293
5976
2244
9812
9496
7397
3143
8737
6332
4818
8631
8735
3287
8894
413
3196
4477
6024
6534
2972
7803
5402
9771
1533
7031
898
2873
2339
4942
5532
9849
1197
3128
26
8635
7969
752
7795
4413
5320
3394
4957
328
4102
9020
4171
4369
3342
840
989
9943
4057
5569
2528
2250
2426
765
5257
820
952
6618
1828
7476
8498
9520
662
1036
7303
410
9581
8126
5661
2592
5757
1322
8749
3564
221
6665
3603
7791
9182
7663
337
4463
208
8560
4081
4191
926
1169
8689
5227
2094
2072
7665
291
179
3415
9416
5909
3999
7622
6059
3996
875
2574
527
6446
558
1259
9291
4225
9113
1150
2019
9017
242
9126
7453
702
7628
664
2624
5752
9202
2179
2470
1679
6602
7010
3942
5815
9293
2159
8570
324
1060
3184
9773
3964
1530
2964
5558
7759
9354
7613
3176
7669
418
9291
926
6342
7672
6633
5140
1367
3061
2235
4373
7938
9829
8111
2266
7512
705
2901
7049
7723
7592
4728
9053
367
5931
2605
699
2618
400
4298
9038
777
6822
2332
5867
908
1000
7517
4261
5540
9140
3020
4764
3802
4061
9065
9819
2069
2540
7017
4276
6215
1467
2835
6358
2034
1198
9889
6010
1472
2894
6859
9715
7744
4505
8446
9586
5376
4159
3835
8976
8965
971
3208
4948
1682
5683
6939
3858
2172
2768
6285
780
9033
4611
189
2079
7383
4087
2327
9975
7882
3006
8072
4616
9925
7725
596
3488
7810
2656
5493
9226
9044
1550
2361
7857
6610
2539
8137
2954
880
2890
1124
2786
6764
1982
9767
4392
282
7258
9705
8529
9832
912
2935
148
9609
5687
5316
2922
6131
6647
9348
5215
3772
6522
5302
8147
6233
7740
3673
3220
9182
7352
6348
3435
4944
219
6590
7412
6632
3801
4555
8561
746
4470
6517
4327
2452
1511
9753
7098
5189
1831
4268
3430
3116
2710
6341
5851
7625
4691
7013
478
6404
2912
6488
7760
310
1028
2380
6667
5488
7609
7637
1038
3147
6908
8824
4354
4259
4357
1629
8982
7865
6490
5561
6718
3167
8813
8798
7182
2997
2369
9076
3391
9644
9767
8891
7420
1222
6186
389
9855
5361
5497
417
3319
8949
6187
882
7163
4665
1403
921
9313
2962
8529
8908
6634
5097
3780
1774
7958
8370
9684
1921
7600
5834
3968
8807
6943
3715
5489
164
776
3948
545
2985
1351
1895
2886
2713
8852
4654
6735
3001
5445
3116
6899
3019
4638
1346
8147
1221
2141
5563
7568
6745
9154
9955
750
8968
3872
3785
989
6555
2043
6854
7120
540
6700
12
1858
2681
4382
197
8278
3764
9076
5253
8277
322
4620
5383
9785
955
6860
2161
4746
6839
7647
6502
6229
2464
3866
3279
3664
7385
4519
8235
1586
5955
4965
877
1677
9359
9829
6493
6471
5000
3796
7378
3026
2948
711
8827
5562
521
2912
3051
1542
4004
844
3087
1237
6268
8546
467
5572
1930
3376
4229
4701
6867
4033
7533
6633
5564
4826
594
9488
856
2170
6695
4994
2974
7145
7035
3939
5140
8852
5320
2856
8208
9366
2289
6329
6250
4662
1105
4795
5953
8904
6023
884
8701
6032
4702
